,fast,slow_mult,rsi_threshold,opt_leg1_dollar_from_atm,opt_leg2_dollar_from_leg1,stoploss_pct_of_maxprofit,pnl,model_num,day
0,30,3,80,2,5,0.1,455.8000000000029,24,2022-02-04
1,30,3,80,2,5,0.1,-25746.600000000006,24,2022-02-11
2,30,3,80,2,5,0.1,-3256.3999999999996,24,2022-02-18
3,30,3,80,2,5,0.1,1163.9999999999927,24,2022-02-25
4,20,3,70,2,5,0.5,-53066.2,1,2022-03-04
5,20,3,70,2,5,0.5,28823.599999999995,1,2022-03-11
6,20,3,70,2,5,0.5,26758.400000000005,1,2022-03-18
7,20,3,70,2,5,0.5,-15392.4,1,2022-03-25
8,30,3,80,5,5,0.5,4116.400000000001,29,2022-04-01
9,30,3,80,5,5,0.5,-7199.0,29,2022-04-08
10,30,3,80,5,5,0.5,6222.0,29,2022-04-22
11,30,3,80,5,5,0.5,-14227.599999999999,29,2022-04-29
12,20,3,70,2,10,0.1,-23530.000000000004,2,2022-05-06
13,20,3,70,2,10,0.1,13739.599999999999,2,2022-05-13
14,20,3,70,2,10,0.1,18486.600000000002,2,2022-05-20
15,20,3,70,2,10,0.1,14094.0,2,2022-05-27
16,20,3,70,2,5,0.1,-26843.6,0,2022-06-03
17,20,3,70,2,5,0.1,21181.600000000002,0,2022-06-10
18,20,3,70,2,5,0.1,19729.60000000001,0,2022-06-17
19,20,3,70,2,5,0.1,-4212.199999999995,0,2022-06-24
20,20,3,80,5,10,0.1,-3150.0,14,2022-07-01
21,20,3,80,5,10,0.1,-904.4000000000001,14,2022-07-08
22,20,3,80,5,10,0.1,142.20000000000073,14,2022-07-15
23,20,3,80,5,10,0.1,-570.3999999999999,14,2022-07-22
24,20,3,80,5,10,0.1,2386.2,14,2022-07-29
25,20,3,70,2,5,0.5,22461.6,1,2022-08-05
26,20,3,70,2,5,0.5,16118.399999999998,1,2022-08-12
27,20,3,70,2,5,0.5,5572.800000000001,1,2022-08-19
28,20,3,70,2,5,0.5,40554.4,1,2022-08-26
29,20,3,70,2,5,0.5,-8991.400000000003,1,2022-09-02
30,20,3,70,2,5,0.5,16293.6,1,2022-09-09
31,20,3,70,2,5,0.5,25603.799999999996,1,2022-09-16
32,20,3,70,2,5,0.5,13832.0,1,2022-09-23
33,20,3,70,2,5,0.5,-20671.999999999996,1,2022-09-30
34,20,3,70,5,10,0.5,4659.2,7,2022-10-07
35,20,3,70,5,10,0.5,7388.4,7,2022-10-14
36,20,3,70,5,10,0.5,6292.0,7,2022-10-21
37,20,3,70,5,10,0.5,25687.599999999995,7,2022-10-28
38,30,3,80,2,5,0.5,70620.00000000001,25,2022-11-04
39,30,3,80,2,5,0.5,-28212.8,25,2022-11-11
40,30,3,80,2,5,0.5,16033.8,25,2022-11-18
41,30,3,80,2,5,0.5,2929.8,25,2022-11-25
42,20,3,70,2,5,0.5,18054.4,1,2022-12-02
43,20,3,70,2,5,0.5,19680.8,1,2022-12-09
44,20,3,70,2,5,0.5,3.999999999992724,1,2022-12-16
45,20,3,70,2,5,0.5,-15031.399999999985,1,2022-12-23
46,20,3,70,2,5,0.5,54958.2,1,2022-12-30
47,20,3,70,2,5,0.5,-25310.999999999996,1,2023-01-06
48,20,3,70,2,5,0.5,10943.999999999998,1,2023-01-13
49,20,3,70,2,5,0.5,31094.4,1,2023-01-20
50,20,3,70,2,5,0.5,17166.6,1,2023-01-27
51,30,3,80,5,10,0.5,-676.0000000000001,31,2023-02-03
52,30,3,80,5,10,0.5,2874.999999999999,31,2023-02-10
53,30,3,80,5,10,0.5,2392.0,31,2023-02-17
54,30,3,80,5,10,0.5,1872.0000000000002,31,2023-02-24
55,20,3,70,5,5,0.5,-3884.5999999999995,5,2023-03-03
56,20,3,70,5,5,0.5,20246.399999999998,5,2023-03-10
57,20,3,70,5,5,0.5,-7792.199999999999,5,2023-03-17
58,20,3,70,5,5,0.5,1419.3999999999996,5,2023-03-24
59,20,3,70,5,5,0.5,1135.1999999999998,5,2023-03-31
60,30,3,80,2,5,0.5,200.60000000000582,25,2023-04-14
61,30,3,80,2,5,0.5,-10345.400000000003,25,2023-04-21
62,30,3,80,2,5,0.5,7128.0,25,2023-04-28
63,20,3,80,2,5,0.1,10675.2,8,2023-05-05
64,20,3,80,2,5,0.1,-4179.600000000002,8,2023-05-12
65,20,3,80,2,5,0.1,-2335.7999999999984,8,2023-05-19
66,20,3,80,2,5,0.1,11231.199999999999,8,2023-05-26
67,30,3,80,2,5,0.5,15379.200000000003,25,2023-06-02
68,30,3,80,2,5,0.5,14515.2,25,2023-06-09
69,30,3,80,2,5,0.5,-5811.799999999998,25,2023-06-16
70,30,3,80,2,5,0.5,67703.0,25,2023-06-23
71,30,3,80,2,5,0.5,6985.0,25,2023-06-30
72,20,3,80,2,5,0.5,6115.2,9,2023-07-07
73,20,3,80,2,5,0.5,4698.000000000001,9,2023-07-21
74,20,3,80,2,5,0.5,6388.200000000001,9,2023-07-28
75,20,3,70,2,10,0.1,-7977.200000000001,2,2023-08-04
76,20,3,70,2,10,0.1,13525.200000000003,2,2023-08-11
77,20,3,70,2,10,0.1,922.6000000000013,2,2023-08-18
78,20,3,70,2,10,0.1,-10509.600000000002,2,2023-08-25
79,20,3,70,5,5,0.1,0.0,4,2023-09-01
80,20,3,70,5,5,0.1,0.0,4,2023-09-08
81,20,3,70,5,5,0.1,4986.400000000001,4,2023-09-15
82,20,3,70,5,5,0.1,0.0,4,2023-09-22
83,20,3,70,5,5,0.1,0.0,4,2023-09-29
84,20,3,70,2,10,0.1,697.6000000000022,2,2023-10-06
85,20,3,70,2,10,0.1,3023.6,2,2023-10-13
86,20,3,70,2,10,0.1,2978.7999999999984,2,2023-10-20
87,20,3,70,2,10,0.1,11984.8,2,2023-10-27
88,30,3,80,2,5,0.1,3835.6000000000004,24,2023-11-03
89,30,3,80,2,5,0.1,-7142.799999999999,24,2023-11-10
90,30,3,80,2,5,0.1,5885.000000000001,24,2023-11-17
91,30,3,80,2,5,0.1,0.0,24,2023-11-24
92,20,3,70,2,10,0.5,4509.0,3,2023-12-01
93,20,3,70,2,10,0.5,-3048.7999999999997,3,2023-12-08
94,20,3,70,2,10,0.5,5086.4,3,2023-12-15
95,20,3,70,2,10,0.5,-5976.4,3,2023-12-22
96,20,3,70,2,10,0.5,7978.599999999999,3,2023-12-29
97,30,3,80,2,10,0.1,-897.5999999999992,26,2024-01-05
98,30,3,80,2,10,0.1,-11128.399999999998,26,2024-01-12
99,30,3,80,2,10,0.1,-1005.7999999999988,26,2024-01-19
100,30,3,80,2,10,0.1,-1553.999999999999,26,2024-01-26
101,20,3,70,2,10,0.5,6038.4,3,2024-02-02
102,20,3,70,2,10,0.5,-2980.6,3,2024-02-09
103,20,3,70,2,10,0.5,4374.0,3,2024-02-16
104,20,3,70,2,10,0.5,15599.199999999999,3,2024-02-23
105,20,3,70,2,5,0.1,17344.8,0,2024-03-01
106,20,3,70,2,5,0.1,-2773.399999999998,0,2024-03-08
107,20,3,70,2,5,0.1,4314.800000000003,0,2024-03-15
108,20,3,70,2,5,0.1,843.8000000000002,0,2024-03-22
109,30,3,80,2,10,0.5,8176.000000000002,27,2024-04-05
110,30,3,80,2,10,0.5,4029.5999999999976,27,2024-04-26
111,30,3,80,2,10,0.1,-8713.799999999997,26,2024-05-03
112,30,3,80,2,10,0.1,1709.5999999999995,26,2024-05-10
113,30,3,80,2,10,0.1,6265.2,26,2024-05-17
114,30,3,80,2,10,0.1,18510.0,26,2024-05-24
115,30,3,80,2,10,0.1,1352.4000000000005,26,2024-05-31
116,30,3,80,2,5,0.5,9281.599999999999,25,2024-06-07
117,30,3,80,2,5,0.5,-26822.8,25,2024-06-14
118,30,3,80,2,5,0.5,10446.8,25,2024-06-21
119,30,3,80,2,5,0.5,-18935.199999999997,25,2024-06-28
120,20,3,70,2,10,0.1,1292.0000000000002,2,2024-07-05
121,20,3,70,2,10,0.1,12729.6,2,2024-07-12
122,20,3,70,2,10,0.1,20276.800000000003,2,2024-07-19
123,20,3,70,2,10,0.1,8118.2,2,2024-07-26
124,20,3,70,2,10,0.1,-2013.999999999989,2,2024-08-02
125,20,3,70,2,10,0.1,-15156.0,2,2024-08-09
126,20,3,70,2,10,0.1,8506.400000000001,2,2024-08-16
127,20,3,70,2,10,0.1,-16814.6,2,2024-08-23
128,20,3,70,2,10,0.1,-8747.399999999998,2,2024-08-30
129,30,3,80,2,10,0.5,10890.800000000001,27,2024-09-06
130,30,3,80,2,10,0.5,-3931.1999999999985,27,2024-09-13
131,30,3,80,2,10,0.5,18060.0,27,2024-09-20
132,30,3,80,2,10,0.5,-3140.2,27,2024-09-27
133,20,3,70,2,5,0.5,20384.799999999996,1,2024-10-04
134,20,3,70,2,5,0.5,-8255.199999999997,1,2024-10-11
135,20,3,70,2,5,0.5,-4805.4,1,2024-10-18
136,20,3,70,2,5,0.5,-2748.000000000001,1,2024-10-25
137,30,3,80,2,5,0.5,-26117.399999999994,25,2024-11-01
138,30,3,80,2,5,0.5,9418.8,25,2024-11-08
139,30,3,80,2,5,0.5,61142.4,25,2024-11-15
140,30,3,80,2,5,0.5,18770.400000000005,25,2024-11-22
141,20,3,70,2,10,0.1,3068.8000000000006,2,2024-12-06
142,20,3,70,2,10,0.1,454.60000000000025,2,2024-12-13
143,20,3,70,2,10,0.1,8439.000000000004,2,2024-12-20
144,20,3,70,2,10,0.1,-10781.2,2,2024-12-27
145,30,3,70,2,5,0.1,8246.399999999998,16,2025-01-03
146,30,3,70,2,5,0.1,22876.2,16,2025-01-10
147,30,3,70,2,5,0.1,14125.2,16,2025-01-17
148,30,3,70,2,5,0.1,-12220.599999999999,16,2025-01-24
149,30,3,70,2,5,0.1,3866.5999999999995,16,2025-01-31
150,30,3,80,2,10,0.1,-26263.199999999997,26,2025-02-07
151,30,3,80,2,10,0.1,11223.0,26,2025-02-14
152,30,3,80,2,10,0.1,4747.199999999999,26,2025-02-21
153,30,3,80,2,10,0.1,-24213.4,26,2025-02-28
154,20,3,80,2,10,0.5,-45827.2,11,2025-03-07
155,20,3,80,2,10,0.5,-28961.4,11,2025-03-14
156,20,3,80,2,10,0.5,23774.4,11,2025-03-21
157,20,3,80,2,10,0.5,-5147.399999999994,11,2025-03-28
158,30,3,80,5,10,0.1,-27595.39999999999,30,2025-04-04
159,30,3,80,5,10,0.1,-19877.60000000001,30,2025-04-11
160,30,3,80,5,10,0.1,-3402.800000000003,30,2025-04-25
161,20,3,70,2,10,0.5,-5504.999999999997,3,2025-05-02
162,20,3,70,2,10,0.5,13397.999999999998,3,2025-05-09
163,20,3,70,2,10,0.5,-2087.7999999999993,3,2025-05-16
164,20,3,70,2,10,0.5,21929.599999999995,3,2025-05-23
165,20,3,70,2,10,0.5,-23771.000000000007,3,2025-05-30
166,20,3,70,2,10,0.1,-6209.4,2,2025-06-06
167,20,3,70,2,10,0.1,-6693.199999999999,2,2025-06-13
168,20,3,70,2,10,0.1,-11568.99999999999,2,2025-06-20
169,20,3,70,2,10,0.1,-2000.1999999999996,2,2025-06-27
170,30,3,80,5,10,0.5,-1685.0,31,2025-07-11
171,30,3,80,5,10,0.5,4374.0,31,2025-07-18
172,30,3,80,5,10,0.5,235.79999999999995,31,2025-07-25
173,20,3,70,5,10,0.1,7369.2,6,2025-08-01
174,20,3,70,5,10,0.1,6082.8,6,2025-08-08
175,20,3,70,5,10,0.1,0.0,6,2025-08-15
176,20,3,70,5,10,0.1,18373.6,6,2025-08-22
177,20,3,70,5,10,0.1,0.0,6,2025-08-29
178,20,3,70,2,5,0.1,9136.8,0,2025-09-05
179,20,3,70,2,5,0.1,-1551.2,0,2025-09-12
180,20,3,70,2,5,0.1,41203.2,0,2025-09-19
181,20,3,70,2,5,0.1,-28062.000000000007,0,2025-09-26
182,20,3,70,5,5,0.1,0.0,4,2025-10-03
183,20,3,70,5,5,0.1,-39733.600000000006,4,2025-10-10
184,20,3,70,5,5,0.1,-6436.199999999997,4,2025-10-17
185,20,3,70,5,5,0.1,-709.7999999999992,4,2025-10-24
186,20,3,70,5,5,0.1,5296.2,4,2025-10-31
