,fast,slow_mult,rsi_threshold,opt_leg1_dollar_from_atm,opt_leg2_dollar_from_leg1,stoploss_pct_of_maxprofit,pnl,model_num,day
0,30,3,70,2,5,0.1,-459.1999999999989,58,2022-02-04
1,30,3,70,2,5,0.1,-18320.000000000007,58,2022-02-11
2,30,3,70,2,5,0.1,-2755.3999999999996,58,2022-02-18
3,30,3,70,2,5,0.1,-5.200000000004366,58,2022-02-25
4,20,3,70,2,1,0.1,-17785.000000000036,40,2022-03-04
5,20,3,70,2,1,0.1,31380.2,40,2022-03-11
6,20,3,70,2,1,0.1,-8695.600000000004,40,2022-03-18
7,20,3,70,2,1,0.1,-32536.999999999993,40,2022-03-25
8,30,3,70,0,10,0.1,10611.8,51,2022-04-01
9,30,3,70,0,10,0.1,-5557.199999999996,51,2022-04-08
10,30,3,70,0,10,0.1,18354.6,51,2022-04-22
11,30,3,70,0,10,0.1,4838.0,51,2022-04-29
12,20,3,70,0,10,0.1,-25070.8,35,2022-05-06
13,20,3,70,0,10,0.1,11884.200000000004,35,2022-05-13
14,20,3,70,0,10,0.1,21392.399999999998,35,2022-05-20
15,20,3,70,0,10,0.1,17859.6,35,2022-05-27
16,10,3,70,0,10,0.1,-4875.000000000004,19,2022-06-03
17,10,3,70,0,10,0.1,-1795.199999999999,19,2022-06-10
18,10,3,70,0,10,0.1,4962.800000000007,19,2022-06-17
19,10,3,70,0,10,0.1,-1698.5999999999888,19,2022-06-24
20,20,3,70,5,10,0.1,-2091.5999999999995,47,2022-07-01
21,20,3,70,5,10,0.1,-688.0000000000001,47,2022-07-08
22,20,3,70,5,10,0.1,-149.39999999999918,47,2022-07-15
23,20,3,70,5,10,0.1,-464.79999999999995,47,2022-07-22
24,20,3,70,5,10,0.1,1508.8,47,2022-07-29
25,5,3,70,0,5,0.1,15742.00000000001,2,2022-08-05
26,5,3,70,0,5,0.1,-32911.99999999999,2,2022-08-12
27,5,3,70,0,5,0.1,9104.000000000022,2,2022-08-19
28,5,3,70,0,5,0.1,-82251.2,2,2022-08-26
29,10,3,70,5,5,0.1,-2538.4000000000005,30,2022-09-02
30,10,3,70,5,5,0.1,2802.0,30,2022-09-09
31,10,3,70,5,5,0.1,-8217.0,30,2022-09-16
32,10,3,70,5,5,0.1,6816.2,30,2022-09-23
33,10,3,70,5,5,0.1,-1565.2000000000014,30,2022-09-30
34,5,3,70,5,10,0.1,1697.9999999999998,15,2022-10-07
35,5,3,70,5,10,0.1,-16307.200000000003,15,2022-10-14
36,5,3,70,5,10,0.1,1532.0,15,2022-10-21
37,5,3,70,5,10,0.1,16.199999999999875,15,2022-10-28
38,20,3,70,0,2,0.1,-13781.599999999948,33,2022-11-04
39,20,3,70,0,2,0.1,601.0,33,2022-11-11
40,20,3,70,0,2,0.1,57228.6,33,2022-11-18
41,20,3,70,0,2,0.1,34630.2,33,2022-11-25
42,20,3,70,0,1,0.1,39648.0,32,2022-12-02
43,20,3,70,0,1,0.1,-96295.20000000003,32,2022-12-09
44,20,3,70,0,1,0.1,-26096.999999999956,32,2022-12-16
45,20,3,70,0,1,0.1,-120749.60000000008,32,2022-12-23
46,20,3,70,0,1,0.1,-45508.79999999996,32,2022-12-30
